13 13
255 255 255 0.038461538461538464 0.038461538461538464 0.038461538461538464 0.9615384615384616 T
0 0 0 0.038461538461538464 0.038461538461538464 0.11538461538461539 0.9615384615384616 T
255 255 255 0.038461538461538464 0.038461538461538464 0.19230769230769232 0.9615384615384616 T
0 0 0 0.038461538461538464 0.038461538461538464 0.2692307692307693 0.9615384615384616 T
255 255 255 0.038461538461538464 0.038461538461538464 0.34615384615384615 0.9615384615384616 T
0 0 0 0.038461538461538464 0.038461538461538464 0.42307692307692313 0.9615384615384616 T
255 255 255 0.038461538461538464 0.038461538461538464 0.5 0.9615384615384616 T
0 0 0 0.038461538461538464 0.038461538461538464 0.576923076923077 0.9615384615384616 T
255 255 255 0.038461538461538464 0.038461538461538464 0.6538461538461539 0.9615384615384616 T
0 0 0 0.038461538461538464 0.038461538461538464 0.7307692307692307 0.9615384615384616 T
255 255 255 0.038461538461538464 0.038461538461538464 0.8076923076923077 0.9615384615384616 T
0 0 0 0.038461538461538464 0.038461538461538464 0.8846153846153847 0.9615384615384616 T
255 255 255 0.038461538461538464 0.038461538461538464 0.9615384615384616 0.9615384615384616 T
0 0 0 0.038461538461538464 0.038461538461538464 0.038461538461538464 0.8846153846153846 T
255 255 255 0.038461538461538464 0.038461538461538464 0.11538461538461539 0.8846153846153846 T
0 0 0 0.038461538461538464 0.038461538461538464 0.19230769230769232 0.8846153846153846 T
255 255 255 0.038461538461538464 0.038461538461538464 0.2692307692307693 0.8846153846153846 T
0 0 0 0.038461538461538464 0.038461538461538464 0.34615384615384615 0.8846153846153846 T
255 255 255 0.038461538461538464 0.038461538461538464 0.42307692307692313 0.8846153846153846 T
0 0 0 0.038461538461538464 0.038461538461538464 0.5 0.8846153846153846 T
255 255 255 0.038461538461538464 0.038461538461538464 0.576923076923077 0.8846153846153846 T
0 0 0 0.038461538461538464 0.038461538461538464 0.6538461538461539 0.8846153846153846 T
255 255 255 0.038461538461538464 0.038461538461538464 0.7307692307692307 0.8846153846153846 T
0 0 0 0.038461538461538464 0.038461538461538464 0.8076923076923077 0.8846153846153846 T
255 255 255 0.038461538461538464 0.038461538461538464 0.8846153846153847 0.8846153846153846 T
0 0 0 0.038461538461538464 0.038461538461538464 0.9615384615384616 0.8846153846153846 T
255 255 255 0.038461538461538464 0.038461538461538464 0.038461538461538464 0.8076923076923077 T
0 0 0 0.038461538461538464 0.038461538461538464 0.11538461538461539 0.8076923076923077 T
255 255 255 0.038461538461538464 0.038461538461538464 0.19230769230769232 0.8076923076923077 T
0 0 0 0.038461538461538464 0.038461538461538464 0.2692307692307693 0.8076923076923077 T
255 255 255 0.038461538461538464 0.038461538461538464 0.34615384615384615 0.8076923076923077 T
0 0 0 0.038461538461538464 0.038461538461538464 0.42307692307692313 0.8076923076923077 T
255 255 255 0.038461538461538464 0.038461538461538464 0.5 0.8076923076923077 T
0 0 0 0.038461538461538464 0.038461538461538464 0.576923076923077 0.8076923076923077 T
255 255 255 0.038461538461538464 0.038461538461538464 0.6538461538461539 0.8076923076923077 T
0 0 0 0.038461538461538464 0.038461538461538464 0.7307692307692307 0.8076923076923077 T
255 255 255 0.038461538461538464 0.038461538461538464 0.8076923076923077 0.8076923076923077 T
0 0 0 0.038461538461538464 0.038461538461538464 0.8846153846153847 0.8076923076923077 T
255 255 255 0.038461538461538464 0.038461538461538464 0.9615384615384616 0.8076923076923077 T
0 0 0 0.038461538461538464 0.038461538461538464 0.038461538461538464 0.7307692307692307 T
255 255 255 0.038461538461538464 0.038461538461538464 0.11538461538461539 0.7307692307692307 T
0 0 0 0.038461538461538464 0.038461538461538464 0.19230769230769232 0.7307692307692307 T
255 255 255 0.038461538461538464 0.038461538461538464 0.2692307692307693 0.7307692307692307 T
0 0 0 0.038461538461538464 0.038461538461538464 0.34615384615384615 0.7307692307692307 T
255 255 255 0.038461538461538464 0.038461538461538464 0.42307692307692313 0.7307692307692307 T
0 0 0 0.038461538461538464 0.038461538461538464 0.5 0.7307692307692307 T
255 255 255 0.038461538461538464 0.038461538461538464 0.576923076923077 0.7307692307692307 T
0 0 0 0.038461538461538464 0.038461538461538464 0.6538461538461539 0.7307692307692307 T
255 255 255 0.038461538461538464 0.038461538461538464 0.7307692307692307 0.7307692307692307 T
0 0 0 0.038461538461538464 0.038461538461538464 0.8076923076923077 0.7307692307692307 T
255 255 255 0.038461538461538464 0.038461538461538464 0.8846153846153847 0.7307692307692307 T
0 0 0 0.038461538461538464 0.038461538461538464 0.9615384615384616 0.7307692307692307 T
255 255 255 0.038461538461538464 0.038461538461538464 0.038461538461538464 0.6538461538461539 T
0 0 0 0.038461538461538464 0.038461538461538464 0.11538461538461539 0.6538461538461539 T
255 255 255 0.038461538461538464 0.038461538461538464 0.19230769230769232 0.6538461538461539 T
0 0 0 0.038461538461538464 0.038461538461538464 0.2692307692307693 0.6538461538461539 T
255 255 255 0.038461538461538464 0.038461538461538464 0.34615384615384615 0.6538461538461539 T
0 0 0 0.038461538461538464 0.038461538461538464 0.42307692307692313 0.6538461538461539 T
255 255 255 0.038461538461538464 0.038461538461538464 0.5 0.6538461538461539 T
0 0 0 0.038461538461538464 0.038461538461538464 0.576923076923077 0.6538461538461539 T
255 255 255 0.038461538461538464 0.038461538461538464 0.6538461538461539 0.6538461538461539 T
0 0 0 0.038461538461538464 0.038461538461538464 0.7307692307692307 0.6538461538461539 T
255 255 255 0.038461538461538464 0.038461538461538464 0.8076923076923077 0.6538461538461539 T
0 0 0 0.038461538461538464 0.038461538461538464 0.8846153846153847 0.6538461538461539 T
255 255 255 0.038461538461538464 0.038461538461538464 0.9615384615384616 0.6538461538461539 T
0 0 0 0.038461538461538464 0.038461538461538464 0.038461538461538464 0.5769230769230769 T
255 255 255 0.038461538461538464 0.038461538461538464 0.11538461538461539 0.5769230769230769 T
0 0 0 0.038461538461538464 0.038461538461538464 0.19230769230769232 0.5769230769230769 T
255 255 255 0.038461538461538464 0.038461538461538464 0.2692307692307693 0.5769230769230769 T
0 0 0 0.038461538461538464 0.038461538461538464 0.34615384615384615 0.5769230769230769 T
255 255 255 0.038461538461538464 0.038461538461538464 0.42307692307692313 0.5769230769230769 T
0 0 0 0.038461538461538464 0.038461538461538464 0.5 0.5769230769230769 T
255 255 255 0.038461538461538464 0.038461538461538464 0.576923076923077 0.5769230769230769 T
0 0 0 0.038461538461538464 0.038461538461538464 0.6538461538461539 0.5769230769230769 T
255 255 255 0.038461538461538464 0.038461538461538464 0.7307692307692307 0.5769230769230769 T
0 0 0 0.038461538461538464 0.038461538461538464 0.8076923076923077 0.5769230769230769 T
255 255 255 0.038461538461538464 0.038461538461538464 0.8846153846153847 0.5769230769230769 T
0 0 0 0.038461538461538464 0.038461538461538464 0.9615384615384616 0.5769230769230769 T
255 255 255 0.038461538461538464 0.038461538461538464 0.038461538461538464 0.5 T
0 0 0 0.038461538461538464 0.038461538461538464 0.11538461538461539 0.5 T
255 255 255 0.038461538461538464 0.038461538461538464 0.19230769230769232 0.5 T
0 0 0 0.038461538461538464 0.038461538461538464 0.2692307692307693 0.5 T
255 255 255 0.038461538461538464 0.038461538461538464 0.34615384615384615 0.5 T
0 0 0 0.038461538461538464 0.038461538461538464 0.42307692307692313 0.5 T
255 255 255 0.038461538461538464 0.038461538461538464 0.5 0.5 T
0 0 0 0.038461538461538464 0.038461538461538464 0.576923076923077 0.5 T
255 255 255 0.038461538461538464 0.038461538461538464 0.6538461538461539 0.5 T
0 0 0 0.038461538461538464 0.038461538461538464 0.7307692307692307 0.5 T
255 255 255 0.038461538461538464 0.038461538461538464 0.8076923076923077 0.5 T
0 0 0 0.038461538461538464 0.038461538461538464 0.8846153846153847 0.5 T
255 255 255 0.038461538461538464 0.038461538461538464 0.9615384615384616 0.5 T
0 0 0 0.038461538461538464 0.038461538461538464 0.038461538461538464 0.423076923076923 T
255 255 255 0.038461538461538464 0.038461538461538464 0.11538461538461539 0.423076923076923 T
0 0 0 0.038461538461538464 0.038461538461538464 0.19230769230769232 0.423076923076923 T
255 255 255 0.038461538461538464 0.038461538461538464 0.2692307692307693 0.423076923076923 T
0 0 0 0.038461538461538464 0.038461538461538464 0.34615384615384615 0.423076923076923 T
255 255 255 0.038461538461538464 0.038461538461538464 0.42307692307692313 0.423076923076923 T
0 0 0 0.038461538461538464 0.038461538461538464 0.5 0.423076923076923 T
255 255 255 0.038461538461538464 0.038461538461538464 0.576923076923077 0.423076923076923 T
0 0 0 0.038461538461538464 0.038461538461538464 0.6538461538461539 0.423076923076923 T
255 255 255 0.038461538461538464 0.038461538461538464 0.7307692307692307 0.423076923076923 T
0 0 0 0.038461538461538464 0.038461538461538464 0.8076923076923077 0.423076923076923 T
255 255 255 0.038461538461538464 0.038461538461538464 0.8846153846153847 0.423076923076923 T
0 0 0 0.038461538461538464 0.038461538461538464 0.9615384615384616 0.423076923076923 T
255 255 255 0.038461538461538464 0.038461538461538464 0.038461538461538464 0.34615384615384615 T
0 0 0 0.038461538461538464 0.038461538461538464 0.11538461538461539 0.34615384615384615 T
255 255 255 0.038461538461538464 0.038461538461538464 0.19230769230769232 0.34615384615384615 T
0 0 0 0.038461538461538464 0.038461538461538464 0.2692307692307693 0.34615384615384615 T
255 255 255 0.038461538461538464 0.038461538461538464 0.34615384615384615 0.34615384615384615 T
0 0 0 0.038461538461538464 0.038461538461538464 0.42307692307692313 0.34615384615384615 T
255 255 255 0.038461538461538464 0.038461538461538464 0.5 0.34615384615384615 T
0 0 0 0.038461538461538464 0.038461538461538464 0.576923076923077 0.34615384615384615 T
255 255 255 0.038461538461538464 0.038461538461538464 0.6538461538461539 0.34615384615384615 T
0 0 0 0.038461538461538464 0.038461538461538464 0.7307692307692307 0.34615384615384615 T
255 255 255 0.038461538461538464 0.038461538461538464 0.8076923076923077 0.34615384615384615 T
0 0 0 0.038461538461538464 0.038461538461538464 0.8846153846153847 0.34615384615384615 T
255 255 255 0.038461538461538464 0.038461538461538464 0.9615384615384616 0.34615384615384615 T
0 0 0 0.038461538461538464 0.038461538461538464 0.038461538461538464 0.2692307692307693 T
255 255 255 0.038461538461538464 0.038461538461538464 0.11538461538461539 0.2692307692307693 T
0 0 0 0.038461538461538464 0.038461538461538464 0.19230769230769232 0.2692307692307693 T
255 255 255 0.038461538461538464 0.038461538461538464 0.2692307692307693 0.2692307692307693 T
0 0 0 0.038461538461538464 0.038461538461538464 0.34615384615384615 0.2692307692307693 T
255 255 255 0.038461538461538464 0.038461538461538464 0.42307692307692313 0.2692307692307693 T
0 0 0 0.038461538461538464 0.038461538461538464 0.5 0.2692307692307693 T
255 255 255 0.038461538461538464 0.038461538461538464 0.576923076923077 0.2692307692307693 T
0 0 0 0.038461538461538464 0.038461538461538464 0.6538461538461539 0.2692307692307693 T
255 255 255 0.038461538461538464 0.038461538461538464 0.7307692307692307 0.2692307692307693 T
0 0 0 0.038461538461538464 0.038461538461538464 0.8076923076923077 0.2692307692307693 T
255 255 255 0.038461538461538464 0.038461538461538464 0.8846153846153847 0.2692307692307693 T
0 0 0 0.038461538461538464 0.038461538461538464 0.9615384615384616 0.2692307692307693 T
255 255 255 0.038461538461538464 0.038461538461538464 0.038461538461538464 0.1923076923076923 T
0 0 0 0.038461538461538464 0.038461538461538464 0.11538461538461539 0.1923076923076923 T
255 255 255 0.038461538461538464 0.038461538461538464 0.19230769230769232 0.1923076923076923 T
0 0 0 0.038461538461538464 0.038461538461538464 0.2692307692307693 0.1923076923076923 T
255 255 255 0.038461538461538464 0.038461538461538464 0.34615384615384615 0.1923076923076923 T
0 0 0 0.038461538461538464 0.038461538461538464 0.42307692307692313 0.1923076923076923 T
255 255 255 0.038461538461538464 0.038461538461538464 0.5 0.1923076923076923 T
0 0 0 0.038461538461538464 0.038461538461538464 0.576923076923077 0.1923076923076923 T
255 255 255 0.038461538461538464 0.038461538461538464 0.6538461538461539 0.1923076923076923 T
0 0 0 0.038461538461538464 0.038461538461538464 0.7307692307692307 0.1923076923076923 T
255 255 255 0.038461538461538464 0.038461538461538464 0.8076923076923077 0.1923076923076923 T
0 0 0 0.038461538461538464 0.038461538461538464 0.8846153846153847 0.1923076923076923 T
255 255 255 0.038461538461538464 0.038461538461538464 0.9615384615384616 0.1923076923076923 T
0 0 0 0.038461538461538464 0.038461538461538464 0.038461538461538464 0.11538461538461531 T
255 255 255 0.038461538461538464 0.038461538461538464 0.11538461538461539 0.11538461538461531 T
0 0 0 0.038461538461538464 0.038461538461538464 0.19230769230769232 0.11538461538461531 T
255 255 255 0.038461538461538464 0.038461538461538464 0.2692307692307693 0.11538461538461531 T
0 0 0 0.038461538461538464 0.038461538461538464 0.34615384615384615 0.11538461538461531 T
255 255 255 0.038461538461538464 0.038461538461538464 0.42307692307692313 0.11538461538461531 T
0 0 0 0.038461538461538464 0.038461538461538464 0.5 0.11538461538461531 T
255 255 255 0.038461538461538464 0.038461538461538464 0.576923076923077 0.11538461538461531 T
0 0 0 0.038461538461538464 0.038461538461538464 0.6538461538461539 0.11538461538461531 T
255 255 255 0.038461538461538464 0.038461538461538464 0.7307692307692307 0.11538461538461531 T
0 0 0 0.038461538461538464 0.038461538461538464 0.8076923076923077 0.11538461538461531 T
255 255 255 0.038461538461538464 0.038461538461538464 0.8846153846153847 0.11538461538461531 T
0 0 0 0.038461538461538464 0.038461538461538464 0.9615384615384616 0.11538461538461531 T
255 255 255 0.038461538461538464 0.038461538461538464 0.038461538461538464 0.038461538461538436 T
0 0 0 0.038461538461538464 0.038461538461538464 0.11538461538461539 0.038461538461538436 T
255 255 255 0.038461538461538464 0.038461538461538464 0.19230769230769232 0.038461538461538436 T
0 0 0 0.038461538461538464 0.038461538461538464 0.2692307692307693 0.038461538461538436 T
255 255 255 0.038461538461538464 0.038461538461538464 0.34615384615384615 0.038461538461538436 T
0 0 0 0.038461538461538464 0.038461538461538464 0.42307692307692313 0.038461538461538436 T
255 255 255 0.038461538461538464 0.038461538461538464 0.5 0.038461538461538436 T
0 0 0 0.038461538461538464 0.038461538461538464 0.576923076923077 0.038461538461538436 T
255 255 255 0.038461538461538464 0.038461538461538464 0.6538461538461539 0.038461538461538436 T
0 0 0 0.038461538461538464 0.038461538461538464 0.7307692307692307 0.038461538461538436 T
255 255 255 0.038461538461538464 0.038461538461538464 0.8076923076923077 0.038461538461538436 T
0 0 0 0.038461538461538464 0.038461538461538464 0.8846153846153847 0.038461538461538436 T
255 255 255 0.038461538461538464 0.038461538461538464 0.9615384615384616 0.038461538461538436 T
