7 7
255 255 255 0.07142857142857142 0.07142857142857142 0.07142857142857142 0.9285714285714286 T
0 0 0 0.07142857142857142 0.07142857142857142 0.21428571428571427 0.9285714285714286 T
255 255 255 0.07142857142857142 0.07142857142857142 0.3571428571428571 0.9285714285714286 T
0 0 0 0.07142857142857142 0.07142857142857142 0.5 0.9285714285714286 T
255 255 255 0.07142857142857142 0.07142857142857142 0.6428571428571428 0.9285714285714286 T
0 0 0 0.07142857142857142 0.07142857142857142 0.7857142857142856 0.9285714285714286 T
255 255 255 0.07142857142857142 0.07142857142857142 0.9285714285714285 0.9285714285714286 T
0 0 0 0.07142857142857142 0.07142857142857142 0.07142857142857142 0.7857142857142857 T
255 255 255 0.07142857142857142 0.07142857142857142 0.21428571428571427 0.7857142857142857 T
0 0 0 0.07142857142857142 0.07142857142857142 0.3571428571428571 0.7857142857142857 T
255 255 255 0.07142857142857142 0.07142857142857142 0.5 0.7857142857142857 T
0 0 0 0.07142857142857142 0.07142857142857142 0.6428571428571428 0.7857142857142857 T
255 255 255 0.07142857142857142 0.07142857142857142 0.7857142857142856 0.7857142857142857 T
0 0 0 0.07142857142857142 0.07142857142857142 0.9285714285714285 0.7857142857142857 T
255 255 255 0.07142857142857142 0.07142857142857142 0.07142857142857142 0.6428571428571429 T
0 0 0 0.07142857142857142 0.07142857142857142 0.21428571428571427 0.6428571428571429 T
255 255 255 0.07142857142857142 0.07142857142857142 0.3571428571428571 0.6428571428571429 T
0 0 0 0.07142857142857142 0.07142857142857142 0.5 0.6428571428571429 T
255 255 255 0.07142857142857142 0.07142857142857142 0.6428571428571428 0.6428571428571429 T
0 0 0 0.07142857142857142 0.07142857142857142 0.7857142857142856 0.6428571428571429 T
255 255 255 0.07142857142857142 0.07142857142857142 0.9285714285714285 0.6428571428571429 T
0 0 0 0.07142857142857142 0.07142857142857142 0.07142857142857142 0.5 T
255 255 255 0.07142857142857142 0.07142857142857142 0.21428571428571427 0.5 T
0 0 0 0.07142857142857142 0.07142857142857142 0.3571428571428571 0.5 T
255 255 255 0.07142857142857142 0.07142857142857142 0.5 0.5 T
0 0 0 0.07142857142857142 0.07142857142857142 0.6428571428571428 0.5 T
255 255 255 0.07142857142857142 0.07142857142857142 0.7857142857142856 0.5 T
0 0 0 0.07142857142857142 0.07142857142857142 0.9285714285714285 0.5 T
255 255 255 0.07142857142857142 0.07142857142857142 0.07142857142857142 0.3571428571428572 T
0 0 0 0.07142857142857142 0.07142857142857142 0.21428571428571427 0.3571428571428572 T
255 255 255 0.07142857142857142 0.07142857142857142 0.3571428571428571 0.3571428571428572 T
0 0 0 0.07142857142857142 0.07142857142857142 0.5 0.3571428571428572 T
255 255 255 0.07142857142857142 0.07142857142857142 0.6428571428571428 0.3571428571428572 T
0 0 0 0.07142857142857142 0.07142857142857142 0.7857142857142856 0.3571428571428572 T
255 255 255 0.07142857142857142 0.07142857142857142 0.9285714285714285 0.3571428571428572 T
0 0 0 0.07142857142857142 0.07142857142857142 0.07142857142857142 0.2142857142857144 T
255 255 255 0.07142857142857142 0.07142857142857142 0.21428571428571427 0.2142857142857144 T
0 0 0 0.07142857142857142 0.07142857142857142 0.3571428571428571 0.2142857142857144 T
255 255 255 0.07142857142857142 0.07142857142857142 0.5 0.2142857142857144 T
0 0 0 0.07142857142857142 0.07142857142857142 0.6428571428571428 0.2142857142857144 T
255 255 255 0.07142857142857142 0.07142857142857142 0.7857142857142856 0.2142857142857144 T
0 0 0 0.07142857142857142 0.07142857142857142 0.9285714285714285 0.2142857142857144 T
255 255 255 0.07142857142857142 0.07142857142857142 0.07142857142857142 0.07142857142857151 T
0 0 0 0.07142857142857142 0.07142857142857142 0.21428571428571427 0.07142857142857151 T
255 255 255 0.07142857142857142 0.07142857142857142 0.3571428571428571 0.07142857142857151 T
0 0 0 0.07142857142857142 0.07142857142857142 0.5 0.07142857142857151 T
255 255 255 0.07142857142857142 0.07142857142857142 0.6428571428571428 0.07142857142857151 T
0 0 0 0.07142857142857142 0.07142857142857142 0.7857142857142856 0.07142857142857151 T
255 255 255 0.07142857142857142 0.07142857142857142 0.9285714285714285 0.07142857142857151 T
