11 11
255 255 255 0.045454545454545456 0.045454545454545456 0.045454545454545456 0.9545454545454546 T
120 80 80 0.045454545454545456 0.045454545454545456 0.13636363636363635 0.9545454545454546 T
255 255 255 0.045454545454545456 0.045454545454545456 0.2272727272727273 0.9545454545454546 T
120 80 80 0.045454545454545456 0.045454545454545456 0.3181818181818182 0.9545454545454546 T
255 255 255 0.045454545454545456 0.045454545454545456 0.4090909090909091 0.9545454545454546 T
120 80 80 0.045454545454545456 0.045454545454545456 0.5 0.9545454545454546 T
255 255 255 0.045454545454545456 0.045454545454545456 0.5909090909090908 0.9545454545454546 T
120 80 80 0.045454545454545456 0.045454545454545456 0.6818181818181818 0.9545454545454546 T
255 255 255 0.045454545454545456 0.045454545454545456 0.7727272727272727 0.9545454545454546 T
120 80 80 0.045454545454545456 0.045454545454545456 0.8636363636363636 0.9545454545454546 T
255 255 255 0.045454545454545456 0.045454545454545456 0.9545454545454546 0.9545454545454546 T
120 80 80 0.045454545454545456 0.045454545454545456 0.045454545454545456 0.8636363636363636 T
255 255 255 0.045454545454545456 0.045454545454545456 0.13636363636363635 0.8636363636363636 T
120 80 80 0.045454545454545456 0.045454545454545456 0.2272727272727273 0.8636363636363636 T
255 255 255 0.045454545454545456 0.045454545454545456 0.3181818181818182 0.8636363636363636 T
120 80 80 0.045454545454545456 0.045454545454545456 0.4090909090909091 0.8636363636363636 T
255 255 255 0.045454545454545456 0.045454545454545456 0.5 0.8636363636363636 T
120 80 80 0.045454545454545456 0.045454545454545456 0.5909090909090908 0.8636363636363636 T
255 255 255 0.045454545454545456 0.045454545454545456 0.6818181818181818 0.8636363636363636 T
120 80 80 0.045454545454545456 0.045454545454545456 0.7727272727272727 0.8636363636363636 T
255 255 255 0.045454545454545456 0.045454545454545456 0.8636363636363636 0.8636363636363636 T
120 80 80 0.045454545454545456 0.045454545454545456 0.9545454545454546 0.8636363636363636 T
255 255 255 0.045454545454545456 0.045454545454545456 0.045454545454545456 0.7727272727272727 T
120 80 80 0.045454545454545456 0.045454545454545456 0.13636363636363635 0.7727272727272727 T
255 255 255 0.045454545454545456 0.045454545454545456 0.2272727272727273 0.7727272727272727 T
120 80 80 0.045454545454545456 0.045454545454545456 0.3181818181818182 0.7727272727272727 T
255 255 255 0.045454545454545456 0.045454545454545456 0.4090909090909091 0.7727272727272727 T
120 80 80 0.045454545454545456 0.045454545454545456 0.5 0.7727272727272727 T
255 255 255 0.045454545454545456 0.045454545454545456 0.5909090909090908 0.7727272727272727 T
120 80 80 0.045454545454545456 0.045454545454545456 0.6818181818181818 0.7727272727272727 T
255 255 255 0.045454545454545456 0.045454545454545456 0.7727272727272727 0.7727272727272727 T
120 80 80 0.045454545454545456 0.045454545454545456 0.8636363636363636 0.7727272727272727 T
255 255 255 0.045454545454545456 0.045454545454545456 0.9545454545454546 0.7727272727272727 T
120 80 80 0.045454545454545456 0.045454545454545456 0.045454545454545456 0.6818181818181819 T
255 255 255 0.045454545454545456 0.045454545454545456 0.13636363636363635 0.6818181818181819 T
120 80 80 0.045454545454545456 0.045454545454545456 0.2272727272727273 0.6818181818181819 T
255 255 255 0.045454545454545456 0.045454545454545456 0.3181818181818182 0.6818181818181819 T
120 80 80 0.045454545454545456 0.045454545454545456 0.4090909090909091 0.6818181818181819 T
255 255 255 0.045454545454545456 0.045454545454545456 0.5 0.6818181818181819 T
120 80 80 0.045454545454545456 0.045454545454545456 0.5909090909090908 0.6818181818181819 T
255 255 255 0.045454545454545456 0.045454545454545456 0.6818181818181818 0.6818181818181819 T
120 80 80 0.045454545454545456 0.045454545454545456 0.7727272727272727 0.6818181818181819 T
255 255 255 0.045454545454545456 0.045454545454545456 0.8636363636363636 0.6818181818181819 T
120 80 80 0.045454545454545456 0.045454545454545456 0.9545454545454546 0.6818181818181819 T
255 255 255 0.045454545454545456 0.045454545454545456 0.045454545454545456 0.5909090909090908 T
120 80 80 0.045454545454545456 0.045454545454545456 0.13636363636363635 0.5909090909090908 T
255 255 255 0.045454545454545456 0.045454545454545456 0.2272727272727273 0.5909090909090908 T
120 80 80 0.045454545454545456 0.045454545454545456 0.3181818181818182 0.5909090909090908 T
255 255 255 0.045454545454545456 0.045454545454545456 0.4090909090909091 0.5909090909090908 T
120 80 80 0.045454545454545456 0.045454545454545456 0.5 0.5909090909090908 T
255 255 255 0.045454545454545456 0.045454545454545456 0.5909090909090908 0.5909090909090908 T
120 80 80 0.045454545454545456 0.045454545454545456 0.6818181818181818 0.5909090909090908 T
255 255 255 0.045454545454545456 0.045454545454545456 0.7727272727272727 0.5909090909090908 T
120 80 80 0.045454545454545456 0.045454545454545456 0.8636363636363636 0.5909090909090908 T
255 255 255 0.045454545454545456 0.045454545454545456 0.9545454545454546 0.5909090909090908 T
120 80 80 0.045454545454545456 0.045454545454545456 0.045454545454545456 0.5 T
255 255 255 0.045454545454545456 0.045454545454545456 0.13636363636363635 0.5 T
120 80 80 0.045454545454545456 0.045454545454545456 0.2272727272727273 0.5 T
255 255 255 0.045454545454545456 0.045454545454545456 0.3181818181818182 0.5 T
120 80 80 0.045454545454545456 0.045454545454545456 0.4090909090909091 0.5 T
255 255 255 0.045454545454545456 0.045454545454545456 0.5 0.5 T
120 80 80 0.045454545454545456 0.045454545454545456 0.5909090909090908 0.5 T
255 255 255 0.045454545454545456 0.045454545454545456 0.6818181818181818 0.5 T
120 80 80 0.045454545454545456 0.045454545454545456 0.7727272727272727 0.5 T
255 255 255 0.045454545454545456 0.045454545454545456 0.8636363636363636 0.5 T
120 80 80 0.045454545454545456 0.045454545454545456 0.9545454545454546 0.5 T
255 255 255 0.045454545454545456 0.045454545454545456 0.045454545454545456 0.40909090909090917 T
120 80 80 0.045454545454545456 0.045454545454545456 0.13636363636363635 0.40909090909090917 T
255 255 255 0.045454545454545456 0.045454545454545456 0.2272727272727273 0.40909090909090917 T
120 80 80 0.045454545454545456 0.045454545454545456 0.3181818181818182 0.40909090909090917 T
255 255 255 0.045454545454545456 0.045454545454545456 0.4090909090909091 0.40909090909090917 T
120 80 80 0.045454545454545456 0.045454545454545456 0.5 0.40909090909090917 T
255 255 255 0.045454545454545456 0.045454545454545456 0.5909090909090908 0.40909090909090917 T
120 80 80 0.045454545454545456 0.045454545454545456 0.6818181818181818 0.40909090909090917 T
255 255 255 0.045454545454545456 0.045454545454545456 0.7727272727272727 0.40909090909090917 T
120 80 80 0.045454545454545456 0.045454545454545456 0.8636363636363636 0.40909090909090917 T
255 255 255 0.045454545454545456 0.045454545454545456 0.9545454545454546 0.40909090909090917 T
120 80 80 0.045454545454545456 0.045454545454545456 0.045454545454545456 0.31818181818181823 T
255 255 255 0.045454545454545456 0.045454545454545456 0.13636363636363635 0.31818181818181823 T
120 80 80 0.045454545454545456 0.045454545454545456 0.2272727272727273 0.31818181818181823 T
255 255 255 0.045454545454545456 0.045454545454545456 0.3181818181818182 0.31818181818181823 T
120 80 80 0.045454545454545456 0.045454545454545456 0.4090909090909091 0.31818181818181823 T
255 255 255 0.045454545454545456 0.045454545454545456 0.5 0.31818181818181823 T
120 80 80 0.045454545454545456 0.045454545454545456 0.5909090909090908 0.31818181818181823 T
255 255 255 0.045454545454545456 0.045454545454545456 0.6818181818181818 0.31818181818181823 T
120 80 80 0.045454545454545456 0.045454545454545456 0.7727272727272727 0.31818181818181823 T
255 255 255 0.045454545454545456 0.045454545454545456 0.8636363636363636 0.31818181818181823 T
120 80 80 0.045454545454545456 0.045454545454545456 0.9545454545454546 0.31818181818181823 T
255 255 255 0.045454545454545456 0.045454545454545456 0.045454545454545456 0.2272727272727273 T
120 80 80 0.045454545454545456 0.045454545454545456 0.13636363636363635 0.2272727272727273 T
255 255 255 0.045454545454545456 0.045454545454545456 0.2272727272727273 0.2272727272727273 T
120 80 80 0.045454545454545456 0.045454545454545456 0.3181818181818182 0.2272727272727273 T
255 255 255 0.045454545454545456 0.045454545454545456 0.4090909090909091 0.2272727272727273 T
120 80 80 0.045454545454545456 0.045454545454545456 0.5 0.2272727272727273 T
255 255 255 0.045454545454545456 0.045454545454545456 0.5909090909090908 0.2272727272727273 T
120 80 80 0.045454545454545456 0.045454545454545456 0.6818181818181818 0.2272727272727273 T
255 255 255 0.045454545454545456 0.045454545454545456 0.7727272727272727 0.2272727272727273 T
120 80 80 0.045454545454545456 0.045454545454545456 0.8636363636363636 0.2272727272727273 T
255 255 255 0.045454545454545456 0.045454545454545456 0.9545454545454546 0.2272727272727273 T
120 80 80 0.045454545454545456 0.045454545454545456 0.045454545454545456 0.13636363636363635 T
255 255 255 0.045454545454545456 0.045454545454545456 0.13636363636363635 0.13636363636363635 T
120 80 80 0.045454545454545456 0.045454545454545456 0.2272727272727273 0.13636363636363635 T
255 255 255 0.045454545454545456 0.045454545454545456 0.3181818181818182 0.13636363636363635 T
120 80 80 0.045454545454545456 0.045454545454545456 0.4090909090909091 0.13636363636363635 T
255 255 255 0.045454545454545456 0.045454545454545456 0.5 0.13636363636363635 T
120 80 80 0.045454545454545456 0.045454545454545456 0.5909090909090908 0.13636363636363635 T
255 255 255 0.045454545454545456 0.045454545454545456 0.6818181818181818 0.13636363636363635 T
120 80 80 0.045454545454545456 0.045454545454545456 0.7727272727272727 0.13636363636363635 T
255 255 255 0.045454545454545456 0.045454545454545456 0.8636363636363636 0.13636363636363635 T
120 80 80 0.045454545454545456 0.045454545454545456 0.9545454545454546 0.13636363636363635 T
255 255 255 0.045454545454545456 0.045454545454545456 0.045454545454545456 0.045454545454545414 T
120 80 80 0.045454545454545456 0.045454545454545456 0.13636363636363635 0.045454545454545414 T
255 255 255 0.045454545454545456 0.045454545454545456 0.2272727272727273 0.045454545454545414 T
120 80 80 0.045454545454545456 0.045454545454545456 0.3181818181818182 0.045454545454545414 T
255 255 255 0.045454545454545456 0.045454545454545456 0.4090909090909091 0.045454545454545414 T
120 80 80 0.045454545454545456 0.045454545454545456 0.5 0.045454545454545414 T
255 255 255 0.045454545454545456 0.045454545454545456 0.5909090909090908 0.045454545454545414 T
120 80 80 0.045454545454545456 0.045454545454545456 0.6818181818181818 0.045454545454545414 T
255 255 255 0.045454545454545456 0.045454545454545456 0.7727272727272727 0.045454545454545414 T
120 80 80 0.045454545454545456 0.045454545454545456 0.8636363636363636 0.045454545454545414 T
255 255 255 0.045454545454545456 0.045454545454545456 0.9545454545454546 0.045454545454545414 T
